1: 247
0;1;123.5
2: 249
0;2;186.25
3: 255
0;3;220.625
4: 259
0;4;239.8125
5: 263
0;5;251.40625
6: 268
0;6;259.703125
7: 273
0;7;266.3515625
8: 277
0;8;271.67578125
9: 280
0;9;275.837890625
10: 286
0;10;280.9189453125
11: 293
0;11;286.95947265625
12: 298
0;12;292.479736328125
13: 304
0;13;298.2398681640625
14: 310
0;14;304.11993408203125
15: 314
0;15;309.0599670410156
16: 318
0;16;313.5299835205078
17: 323
0;17;318.2649917602539
18: 326
0;18;322.13249588012695
19: 331
0;19;326.5662479400635
20: 342
0;20;334.28312397003174
